-60
90
28
-64
-83
-9
-26
-49
51
-15
-71
60
-33
-94
-63
76
-52
18
57
-78
22
72
95
-72
-43
-1
-85
-86
-97
-58
55
-67
-27
3
20
32
-21
81
70
-53
-61
16
82
-22
62
92
-41
-4
75
87
-66
-47
46
61
29
-80
-65
-39
-20
96
45
47
34
-62
11
9
98
-98
13
33
-54
56
-55
-93
-35
-42
-68
-36
85
30
-91
0
8
-100
1
31
37
-2
-38
7
27
-6
74
-92
52
17
-37
66
-51
-10
5
-32
-48
42
-89
25
-88
68
-8
-40
40
73
-12
-57
89
77
79
-99
21
58
64
14
-69
41
-95
78
44
19
97
-25
49
65
-34
2
-46
36
-14
-44
-19
91
43
63
48
69
80
-84
-59
39
15
-76
99
71
-3
-18
84
-90
6
23
53
4
-28
-30
-13
-74
-81
-96
-79
54
-70
100
-77
-29
-50
38
35
86
-23
93
-24
83
12
-75
-31
24
-7
-11
88
94
-16
26
-82
10
-87
59
-45
-17
67
-56
-73
50
-5