4169
8183
9650
8938
3624
3581
9732
9039
9802
8300
7550
9520
3670
7243
6998
8854
3067
8718
6040
2768
4468
1682
2392
5898
6630
9187
4503
2457
7320
9542
7189
9583
6552
6579
4988
4839
3353
4580
9269
9820
3431
7028
4997
2890
8531
7037
9425
5500
3289
1841
6349
9102
9450
8018
8013
8648
4981
8287
6142
6984
3476
8277
8043
7072
9521
4973
9038
8978
3230
3793
9567
4675
2190
6630
6846
4189
7149
2829
3282
5050
2130
3296
2795
2600
7315
6588
2835
4083
3208
3856
2882
6856
2744
1980
5013
7877
5684
7687
4168
8200
4126